<?xml version="1.0"?>
<opencv_storage>
<L_Data type_id="opencv-matrix">
  <rows>4</rows>
  <cols>29</cols>
  <dt>f</dt>
  <data>
    5.78125000e-001 1.15625000e+000 1.15625000e+000 1.73437500e+000
    -2.94843750e+001 -1.15625000e+001 1.15625000e+001 2.71718750e+001
    -1.50312500e+001 5.78125000e-001 1.61875000e+001 5.78125000e-001
    -5.78125000e-001 -2.19687500e+001 -37. -4.04687500e+001
    -4.22031250e+001 2.08125000e+001 3.58437500e+001 4.04687500e+001
    4.16250000e+001 -1.15625000e+001 -3.17968750e+001 -3.93125000e+001
    -4.16250000e+001 1.04062500e+001 3.00625000e+001 3.93125000e+001
    4.22031250e+001 4.78125000e+001 4.10625000e+001 3.54375000e+001
    2.86875000e+001 4.55625000e+001 45. 4.55625000e+001 4.55625000e+001
    1.12500000e+000 6.75000000e+000 1.68750000e+000 0. -2.92500000e+001
    -2.41875000e+001 -9.56250000e+000 1.23750000e+001 3.54375000e+001
    -2.36250000e+001 -9. 1.29375000e+001 3.65625000e+001
    -2.81250000e+001 -18. 1.12500000e+000 2.36250000e+001
    -2.81250000e+001 -1.74375000e+001 1.68750000e+000 2.53125000e+001
    -1.90198157e+003 -1.89628052e+003 -1.88976794e+003 -1.88463843e+003
    -1.91550891e+003 -1.90992676e+003 -1.90833740e+003 -1.91410034e+003
    -1.90648254e+003 -1.89374268e+003 -1.90721558e+003 -1.89741431e+003
    -1.90769299e+003 -1.91766931e+003 -1.92085974e+003 -1.92585779e+003
    -1.92881128e+003 -1.91558215e+003 -1.92755457e+003 -1.92817334e+003
    -1.92983557e+003 -1.91068945e+003 -1.91930200e+003 -1.92419629e+003
    -1.92709558e+003 -1.90854919e+003 -1.92083337e+003 -1.92821069e+003
    -1.92912476e+003 1. 1. 1. 1. 1. 1. 1. 1. 1. 1. 1. 1. 1. 1. 1. 1. 1.
    1. 1. 1. 1. 1. 1. 1. 1. 1. 1. 1. 1.</data></L_Data>
</opencv_storage>
