<?xml version="1.0"?>
<opencv_storage>
<L_Data type_id="opencv-matrix">
  <rows>4</rows>
  <cols>29</cols>
  <dt>f</dt>
  <data>
    0. -5.78125000e-001 -5.78125000e-001 -5.78125000e-001
    -3.00625000e+001 -1.09843750e+001 1.09843750e+001 2.83281250e+001
    -1.79218750e+001 -5.78125000e-001 1.56093750e+001 -5.78125000e-001
    -5.78125000e-001 -2.48593750e+001 -4.27812500e+001 -4.74062500e+001
    -4.68281250e+001 2.25468750e+001 3.87343750e+001 4.45156250e+001
    4.39375000e+001 -1.27187500e+001 -3.58437500e+001 -4.56718750e+001
    -4.74062500e+001 1.15625000e+001 3.23750000e+001 4.27812500e+001
    4.56718750e+001 4.78125000e+001 3.93750000e+001 3.15000000e+001
    2.30625000e+001 4.55625000e+001 45. 45. 4.55625000e+001 0.
    3.93750000e+000 0. -2.81250000e+000 -3.03750000e+001
    -2.47500000e+001 -8.43750000e+000 1.74375000e+001 45.
    -2.36250000e+001 -6.75000000e+000 18. 4.55625000e+001
    -2.98125000e+001 -18. 3.37500000e+000 3.09375000e+001
    -2.86875000e+001 -1.63125000e+001 5.06250000e+000 3.15000000e+001
    -1.90139404e+003 -1.89595349e+003 -1.88872400e+003 -1.88407922e+003
    -1.91413110e+003 -1.90938953e+003 -1.90814111e+003 -1.91473315e+003
    -1.90572949e+003 -1.89314917e+003 -1.90664172e+003 -1.89725562e+003
    -1.90680530e+003 -1.91692102e+003 -1.92121631e+003 -1.92700256e+003
    -1.92981750e+003 -1.91495837e+003 -1.92754395e+003 -1.92893945e+003
    -1.92928943e+003 -1.90964136e+003 -1.91931287e+003 -1.92389771e+003
    -1.92659460e+003 -1.90801160e+003 -1.92007654e+003 -1.92967566e+003
    -1.92947485e+003 1. 1. 1. 1. 1. 1. 1. 1. 1. 1. 1. 1. 1. 1. 1. 1. 1.
    1. 1. 1. 1. 1. 1. 1. 1. 1. 1. 1. 1.</data></L_Data>
</opencv_storage>
